16 0.523090 0.194133 0.816417 0.084282
16 0.523949 0.290248 0.815132 0.107353
16 0.528878 0.614493 0.816189 0.104295
16 0.525899 0.484426 0.816084 0.065051
16 0.524856 0.420336 0.814395 0.062861
16 0.529222 0.699793 0.816536 0.066528
16 0.530943 0.883715 0.815941 0.086327
16 0.530010 0.808700 0.820120 0.062615
12 0.502352 0.124041 0.752394 0.053383
12 0.529377 0.547579 0.660800 0.028382
12 0.518701 0.067014 0.293538 0.034968
22 0.129695 0.066780 0.036059 0.031941
12 0.529246 0.763019 0.664372 0.027563
12 0.525552 0.374733 0.813085 0.028245
16 0.501525 0.123839 0.754581 0.054224
16 0.524620 0.374691 0.813282 0.028966
