16 0.527184 0.561651 0.818497 0.107842
16 0.523448 0.302367 0.819323 0.063648
16 0.525841 0.366844 0.817471 0.065160
16 0.524821 0.475479 0.816528 0.062916
12 0.519216 0.059132 0.293018 0.033426
12 0.524266 0.644292 0.399620 0.028014
16 0.521044 0.202920 0.815162 0.082221
16 0.519749 0.140595 0.813224 0.042679
22 0.128712 0.065876 0.032213 0.026790
16 0.529824 0.690643 0.816650 0.064463
12 0.528014 0.427926 0.586856 0.028332
16 0.529574 0.765554 0.814913 0.088672
12 0.599991 0.103007 0.440262 0.028403
12 0.501030 0.102665 0.629438 0.027949
16 0.519670 0.126403 0.807938 0.069431
12 0.512380 0.255802 0.716976 0.027416
