4 0.671222 0.256640 0.398053 0.328771
4 0.248914 0.254959 0.378608 0.320738
3 0.439681 0.452277 0.879361 0.701496
22 0.832249 0.118568 0.038828 0.032131
3 0.455044 0.642621 0.822931 0.361822
22 0.147582 0.508034 0.023871 0.022237
3 0.464019 0.252749 0.828570 0.355764
4 0.238307 0.642158 0.358183 0.348667
22 0.509857 0.154290 0.022320 0.017058
22 0.554458 0.507657 0.019117 0.015399
3 0.238931 0.642482 0.356420 0.348777
4 0.658315 0.635718 0.375964 0.349775
3 0.659745 0.635395 0.377094 0.345836
22 0.151060 0.507168 0.031496 0.024672
22 0.146597 0.115161 0.024453 0.023727
