16 0.555650 0.256917 0.813476 0.067273
16 0.554585 0.435615 0.815639 0.066893
16 0.556472 0.380568 0.804711 0.044889
16 0.557644 0.610964 0.816561 0.067325
16 0.554072 0.180812 0.810644 0.084820
12 0.556685 0.330692 0.780499 0.052800
12 0.556295 0.053237 0.288969 0.034034
16 0.557282 0.796516 0.812043 0.090014
16 0.556788 0.546131 0.815419 0.061569
12 0.554667 0.499012 0.647314 0.029207
12 0.537302 0.111172 0.699430 0.052550
16 0.559023 0.721075 0.814108 0.061164
12 0.557580 0.674201 0.686933 0.029425
