16 0.545426 0.620739 0.810744 0.107727
16 0.543498 0.405491 0.810770 0.067398
16 0.542818 0.330204 0.814315 0.081808
16 0.539905 0.212633 0.809365 0.065103
16 0.544551 0.760823 0.809795 0.084474
16 0.545877 0.836466 0.807661 0.066655
16 0.545237 0.525302 0.811457 0.083103
12 0.539940 0.274465 0.673096 0.029566
12 0.540001 0.077206 0.298062 0.033807
12 0.547046 0.704120 0.531909 0.028625
16 0.539217 0.158241 0.811283 0.042509
22 0.149581 0.082301 0.029092 0.025420
12 0.545182 0.467670 0.631602 0.027207
12 0.541415 0.120827 0.564624 0.027623
18 0.550239 0.349687 0.802710 0.180424
