16 0.533673 0.277980 0.820653 0.126970
16 0.534184 0.520823 0.820387 0.108546
16 0.532647 0.425150 0.818441 0.083575
16 0.533265 0.182004 0.821029 0.064326
12 0.500852 0.832712 0.758822 0.052556
16 0.531593 0.736207 0.817433 0.107248
16 0.530666 0.903051 0.814796 0.086664
12 0.531897 0.122116 0.819133 0.052341
16 0.531487 0.650922 0.813992 0.062040
22 0.144549 0.070668 0.034460 0.030412
12 0.533108 0.065708 0.298452 0.034527
12 0.527382 0.603188 0.781971 0.028820
12 0.531071 0.367823 0.815460 0.027751
16 0.532344 0.367128 0.817090 0.028927
16 0.534573 0.637504 0.810843 0.088374
