3 0.461491 0.477891 0.922682 0.667282
4 0.698806 0.313426 0.393292 0.337078
22 0.578603 0.521978 0.018919 0.014241
22 0.118343 0.519278 0.025671 0.018275
3 0.209059 0.313545 0.366511 0.329820
22 0.860016 0.166559 0.046124 0.030050
3 0.219367 0.648857 0.354717 0.339851
3 0.705471 0.461015 0.413562 0.726354
22 0.557742 0.538659 0.022485 0.015762
22 0.568376 0.189515 0.025982 0.018963
22 0.137775 0.172001 0.018669 0.013349
3 0.471469 0.648578 0.867299 0.343655
22 0.300290 0.515114 0.020389 0.012412
22 0.109658 0.185164 0.013703 0.012012
