16 0.541302 0.594802 0.818391 0.065417
16 0.541696 0.432711 0.816750 0.046514
16 0.539765 0.530461 0.815611 0.062417
16 0.544216 0.378100 0.816503 0.062777
16 0.540926 0.703897 0.816712 0.063085
16 0.540813 0.768954 0.813107 0.066499
12 0.541641 0.071651 0.293766 0.035118
16 0.542849 0.247768 0.817309 0.106866
16 0.542528 0.162653 0.815325 0.061042
22 0.153741 0.075563 0.036136 0.027997
16 0.533038 0.117777 0.787734 0.028332
12 0.538374 0.657567 0.722923 0.028179
12 0.541921 0.331745 0.742888 0.029371
12 0.540949 0.483828 0.800077 0.029032
16 0.540418 0.484830 0.800848 0.028747
16 0.535121 0.331496 0.743516 0.028291
